observaciones;U;V;T
512;13;-34;2873
726;17;-21;2821
730;10;-21;2809
844;9;-37;2830
948;2;-46;2838
829;9;-69;2900
880;14;-64;2905
560;16;-57;2907
789;13;-55;2865
763;12;-59;2841
519;4;-58;2836
587;0;-60;2863
689;2;-62;2865
805;-1;-74;2909
733;11;-28;2962
36;5;-2;3009
67;6;13;2968
128;7;12;2899
123;-12;-2;2888
59;-7;-13;2927
5;-13;-17;2930
2;-10;-13;3002
135;11;14;3018
111;-3;22;3003
124;-10;9;2955
33;-10;3;2902
4;-9;-9;2897
201;-3;-20;2903
103;-7;-21;2916
171;-24;-8;3005
19;-18;-3;2994
2;-14;-2;2989
0;-7;-6;2934
0;8;-14;2876
67;7;-25;2858
124;5;-25;2868
530;-1;-30;2884
642;-6;-40;2964
266;2;-41;2950
84;10;-24;2939
58;8;-28;2883
285;11;-37;2828
696;5;-24;2814
635;1;-37;2836
671;-3;-46;2845
860;-1;-68;2918
886;12;-58;2925
601;16;-49;2924
404;9;-42;2868
245;-10;-31;2871
72;-11;-32;2867
272;-2;-27;2899
260;14;-23;2915
260;55;-5;2978
268;65;-8;2978
418;53;-1;2974
357;40;-5;2931
219;37;10;2878
433;15;13;2858
167;-7;8;2867
4;-9;-16;2888
55;0;-21;2978
270;19;-2;2970
74;13;-9;2955
0;12;-17;2900
2;17;-17;2857
2;9;-22;2839
118;10;-18;2864
188;4;-31;2882
10;34;-18;2952
99;63;22;2961
34;47;20;2966
45;25;2;2939
90;24;7;2900
88;18;10;2882
14;32;3;2905
455;24;8;2919
482;26;18;3014
521;49;28;3014
606;43;36;3005
352;-6;31;2945
137;-2;9;2875
102;-6;-9;2863
20;0;-23;2868
2;-7;-20;2889
6;-16;-42;2983
34;17;-15;2992
184;11;15;2985
139;-2;2;2930
0;0;-1;2880
0;-6;-19;2860
0;-7;-18;2882
39;-19;-9;2902
16;5;-7;2984
64;24;14;2970
90;9;23;2967
14;-13;15;2901
21;-1;-2;2841
18;-1;-13;2824
124;-2;-13;2841
3;-5;-24;2848
6;-20;-36;2925
19;4;-25;2931
0;6;-21;2919
0;0;-22;2859
52;3;-25;2825
186;-2;-29;2809
200;-2;-43;2833
328;-7;-45;2834
591;-8;-54;2906
157;20;-18;2924
36;9;-26;2912
180;5;-41;2862
422;9;-33;2830
620;9;-37;2804
473;-2;-40;2826
487;-3;-48;2834
680;16;-60;2898
258;37;-31;2930
432;49;-11;2946
296;50;-11;2905
209;45;-2;2878
314;38;2;2889
403;30;3;2911
0;26;8;2923
0;37;17;2999
32;56;30;2997
135;33;30;2983
88;13;36;2945
201;-4;30;2882
118;-22;4;2865
185;-17;-18;2884
98;-22;-16;2891
118;-22;-1;2978
139;-9;15;2973
128;-10;16;2953
30;-15;8;2894
109;6;-4;2835
92;2;-13;2822
19;1;-18;2842
0;-5;-22;2857
17;16;-15;2946
117;24;-9;2938
53;21;-8;2929
20;22;-9;2884
96;34;-4;2834
133;23;-2;2818
72;23;-4;2841
137;14;-23;2873
93;37;-6;2931
36;41;15;2932
0;38;10;2930
0;30;1;2888
0;33;0;2837
125;23;-6;2819
34;23;-5;2840
223;20;-9;2871
259;49;-5;2910
637;48;31;2933
0;37;36;2941
0;36;28;2910
0;13;11;2859
1;16;7;2835
170;20;1;2863
237;24;5;2886
323;40;28;2953
0;50;54;2965
0;38;64;2975
0;31;50;2929
0;16;30;2897
438;1;28;2882
671;0;28;2893
265;7;26;2889
313;22;44;2952
0;23;68;2957
0;22;57;2949
0;20;33;2916
0;26;19;2865
186;13;16;2843
319;13;18;2867
416;30;30;2875
829;54;43;2922
798;66;49;2923
867;75;47;2903
654;68;74;2889
552;23;33;2878
496;30;32;2872
488;23;23;2879
63;26;25;2871
359;23;26;2891
30;34;23;2893
44;34;20;2913
0;31;8;2905
4;18;16;2861
7;12;11;2838
15;15;6;2857
29;23;-3;2862
91;50;-6;2939
309;72;10;2933
556;77;15;2918
610;68;16;2869
396;61;15;2844
392;50;7;2833
711;42;7;2862
497;64;13;2870
473;74;47;2915
659;74;67;2932
666;49;56;2937
710;65;51;2903
432;34;34;2876
256;23;18;2872
304;29;13;2908
273;25;13;2904
527;41;32;2969
757;49;41;2972
644;36;33;2972
283;25;14;2933
0;27;11;2876
84;-16;-3;2872
55;-7;-18;2889
126;-21;-13;2895
30;-4;-4;2960
9;16;20;2978
13;13;29;2976
23;-14;18;2934
43;-1;5;2883
95;-6;-10;2862
21;-3;-21;2878
0;-10;-21;2875
0;2;-14;2963
0;17;2;2946
18;9;10;2947
10;10;9;2919
0;14;2;2855
0;12;-21;2841
10;20;-8;2852
144;17;-6;2889
248;39;12;2943
592;41;35;2934
285;32;39;2905
75;21;15;2905
46;26;11;2879
190;-9;14;2869
281;-19;-2;2886
28;15;5;2893
147;-6;12;2942
377;-21;37;2979
70;-7;-4;2982
24;-11;-1;2946
67;-11;3;2903
2;-1;-23;2879
45;-1;-27;2929
74;-6;-21;2934
8;-13;-5;2988
60;-6;-4;2991
20;7;6;2986
0;-7;11;2951
0;-3;2;2897
0;-3;-9;2885
0;1;-21;2904
0;-12;-14;2904
2;-6;-10;2968
3;10;-5;2967
46;13;5;2961
4;-3;6;2921
1;2;9;2873
41;-1;-7;2854
17;6;-15;2852
5;-5;-22;2874
1;-14;-8;2945
0;-12;-10;2932
3;-13;-8;2934
0;-8;-17;2890
0;13;-20;2832
0;16;-21;2809
0;7;-21;2825
7;2;-25;2842
88;-18;-30;2903
161;-19;-29;2889
50;-16;-22;2895
34;-8;-24;2858
20;3;-28;2820
21;8;-32;2805
292;7;-35;2827
402;2;-35;2830
742;5;-60;2871
812;10;-54;2873
468;5;-53;2909
403;5;-53;2864
260;17;-51;2844
346;16;-47;2830
503;14;-50;2856
675;11;-52;2854
493;-3;-51;2913
131;-7;-39;2926
13;-3;-45;2917
0;0;-46;2871
14;15;-52;2833
359;13;-47;2815
929;12;-55;2834
955;15;-54;2835
954;6;-71;2888
206;11;-81;2897
957;14;-81;2891
980;10;-72;2853
931;11;-61;2827
701;12;-43;2809
827;11;-46;2821
809;4;-46;2821
529;9;-60;2879
572;25;-55;2890
430;17;-42;2887
346;16;-42;2851
419;21;-12;2822
9;19;-14;2801
69;34;-15;2827
530;33;-17;2837
487;65;-9;2891
809;78;4;2892
608;68;-2;2891
192;68;3;2853
518;48;7;2838
576;39;7;2847
116;18;5;2858
139;28;-2;2875
186;46;-3;2922
313;65;10;2935
357;61;8;2930
524;58;21;2889
275;30;14;2838
328;19;9;2808
416;22;9;2826
311;9;-6;2856
225;15;-13;2902
205;35;-23;2897
179;28;-31;2894
16;19;-18;2850
3;25;4;2786
25;12;-24;2763
240;10;-20;2788
281;9;-36;2794
489;21;-57;2861
899;46;-63;2861
842;53;-63;2859
812;61;-62;2820
813;54;-27;2790
553;41;-19;2771
681;36;-27;2795
849;31;-45;2801
537;39;-32;2842
810;89;-1;2893
808;74;-7;2902
803;48;-14;2863
471;20;6;2833
164;12;-8;2801
123;1;-16;2827
150;0;-36;2818
190;-1;-41;2855
397;7;-51;2862
144;13;-54;2871
117;21;-43;2840
164;13;-16;2844
34;26;-24;2835
21;34;-14;2846
134;35;-5;2841
93;29;-4;2875
0;0;4;2910
14;-2;3;2926
8;6;3;2894
0;22;6;2834
0;16;9;2819
66;17;13;2847
171;15;5;2856
117;14;7;2891
129;-35;19;2894
577;-2;-1;2899
419;-23;16;2857
162;-24;4;2854
443;-25;-1;2855
394;-25;-9;2873
529;-5;-17;2855
546;-13;-17;2901
88;-39;-8;2895
386;-36;-23;2882
175;-27;-8;2857
210;-12;-22;2865
226;-9;-14;2856
302;-15;-22;2864
333;-30;-2;2888
884;-46;-15;2932
687;-48;10;2932
397;-59;7;2903
499;-36;-20;2886
854;-16;-21;2845
833;-15;-22;2832
200;-10;-28;2852
299;-7;-18;2863
433;-15;-3;2911
119;-25;19;2897
63;-14;37;2923
67;-6;30;2874
65;14;14;2855
192;-1;25;2837
255;-2;28;2859
210;-29;15;2868
739;-42;0;2909
183;-34;15;2917
58;-2;13;2913
89;5;32;2896
261;-5;23;2867
328;-12;16;2852
114;-17;3;2874
375;-20;4;2870
126;-27;4;2905
40;-20;25;2906
166;-22;16;2908
37;-10;2;2871
0;-9;-14;2865
10;1;-6;2862
8;-6;-19;2878
1;10;-27;2881
20;2;-42;2946
203;6;-45;2943
74;6;-42;2957
294;11;-51;2909
878;14;-52;2873
984;15;-60;2854
856;13;-66;2870
806;12;-49;2861
947;6;-60;2909
842;9;-70;2924
617;15;-66;2918
771;14;-68;2881
618;10;-50;2843
429;11;-59;2815
826;14;-54;2825
912;11;-46;2816
700;9;-67;2875
943;20;-80;2883
679;23;-67;2893
716;32;-52;2861
749;13;-14;2803
92;15;3;2796
14;12;-20;2803
30;-5;-21;2814
218;-7;-36;2884
30;20;-25;2891
0;6;-25;2878
106;9;-27;2826
431;4;-31;2782
204;5;-21;2772
460;7;-25;2789
616;4;-39;2804
449;17;-38;2857
197;43;-43;2846
133;50;-49;2854
389;62;-31;2831
819;53;-15;2797
371;34;-7;2805
350;23;-5;2831
131;24;0;2853
633;44;17;2908
677;75;52;2924
732;74;54;2927
658;72;51;2890
672;61;64;2865
737;45;57;2877
743;26;36;2891
692;28;33;2889
601;37;35;2930
699;52;37;2952
380;24;32;2942
55;20;15;2899
13;21;7;2833
426;26;5;2824
491;29;2;2847
236;24;-2;2860
402;23;-5;2950
268;51;2;2951
351;44;11;2946
95;39;5;2889
330;28;5;2832
244;29;0;2838
276;37;2;2869
426;31;9;2895
462;34;19;2950
478;56;23;2972
329;46;24;2959
211;28;18;2930
22;23;7;2842
13;26;9;2831
1;24;16;2845
0;-12;16;2887
0;-4;-7;2963
151;12;-7;2956
105;9;-7;2956
26;4;6;2907
0;13;4;2827
108;9;-10;2833
162;6;-24;2849
333;-6;-20;2852
130;-9;-25;2939
82;6;-37;2938
4;9;-29;2938
62;16;-30;2892
232;17;-19;2823
467;13;-27;2811
495;10;-37;2837
838;10;-39;2832
856;5;-59;2898
948;11;-72;2895
645;17;-63;2888
579;13;-67;2848
966;15;-47;2810
979;16;-48;2790
931;13;-49;2800
978;13;-51;2802
952;8;-66;2863
698;11;-76;2864
559;-1;-79;2863
736;3;-83;2824
541;18;-71;2794
955;16;-68;2782
874;16;-74;2807
945;11;-74;2797
444;12;-86;2833
700;15;-88;2833
968;26;-80;2837
916;22;-84;2821
867;26;-59;2797
959;23;-55;2786
926;23;-58;2810
775;18;-55;2805
926;12;-70;2840
800;16;-78;2845
907;16;-81;2854
916;22;-83;2828
633;27;-51;2802
457;28;-48;2792
581;25;-43;2802
589;15;-46;2799
864;18;-52;2832
642;3;-52;2835
162;-13;-37;2842
44;-19;-18;2816
120;-5;-11;2795
19;7;-1;2792
4;15;11;2816
79;3;23;2802
1;-2;9;2851
7;20;18;2855
59;31;27;2843
199;26;32;2819
258;14;13;2759
105;19;9;2746
169;21;3;2762
306;19;-3;2774
451;22;-26;2807
275;35;-41;2801
350;30;-58;2798
102;38;-28;2768
97;26;-11;2781
90;18;-8;2779
65;18;-4;2806
0;10;-3;2798
99;23;-10;2845
44;67;14;2850
697;36;38;2873
181;29;21;2853
80;18;10;2811
22;13;9;2792
0;13;5;2816
0;10;0;2819
0;1;-3;2866
0;-14;-11;2859
0;-17;-17;2853
7;-21;-14;2825
116;-10;-19;2834
255;-14;-12;2813
131;-19;-3;2828
5;-36;6;2817
170;-44;6;2832
335;-45;24;2841
279;-40;28;2854
145;-29;20;2823
180;-13;11;2825
61;-12;9;2795
193;-18;-7;2804
144;-14;14;2821
394;-15;10;2838
37;-42;32;2867
394;-39;26;2853
265;-51;33;2837
475;-28;13;2825
688;-26;12;2812
355;-21;6;2830
312;-5;12;2828
47;8;19;2853
183;-31;26;2859
293;-38;29;2845
199;-25;20;2830
66;4;10;2824
173;-2;12;2813
162;14;14;2834
131;17;11;2835
0;29;4;2866
398;-5;37;2891
100;-24;17;2913
38;-16;0;2873
0;2;-20;2836
0;9;-20;2839
6;19;12;2856
67;22;14;2859
110;5;14;2939
56;5;20;2948
89;5;21;2947
30;-6;16;2909
0;11;2;2827
30;13;13;2855
54;-10;26;2852
0;-31;17;2852
2;-20;2;2940
11;-17;10;2943
9;-16;23;2940
10;-14;14;2898
0;-6;-8;2847
0;-6;-5;2852
65;-8;-4;2854
27;-14;-25;2841
30;-19;2;2915
24;-36;2;2922
152;-37;-4;2916
111;-22;-3;2889
20;-9;-9;2831
38;-7;-17;2820
4;-11;-25;2827
253;-19;-22;2839
95;-20;-4;2908
51;-40;-1;2917
138;-34;0;2919
118;-19;0;2883
103;-9;-22;2822
136;-8;-20;2807
178;-9;-22;2835
190;-19;-20;2839
359;-18;-11;2881
194;-29;1;2917
64;-10;3;2918
2;1;5;2883
0;12;0;2845
0;8;4;2835
1;-16;27;2839
7;-22;11;2838
86;-18;9;2901
6;-21;27;2919
128;-8;27;2920
49;-9;9;2886
0;7;-6;2828
0;5;-8;2831
65;-5;-7;2842
65;-15;0;2855
78;-20;-2;2909
61;-38;-4;2907
121;-33;3;2904
42;-18;-8;2873
68;-4;-18;2807
144;-4;-13;2812
98;-8;-16;2820
99;-14;-16;2826
564;-27;-7;2863
318;-29;-14;2887
88;-20;-21;2893
0;-3;-34;2862
0;6;-23;2822
76;11;-34;2815
253;10;-32;2828
274;13;-27;2825
580;-1;-10;2877
472;-25;-51;2900
363;-12;-46;2883
397;-7;-62;2845
717;10;-42;2821
460;13;-32;2810
23;9;-22;2828
18;5;-17;2826
3;-16;-19;2886
31;-7;-55;2896
185;-8;-31;2898
5;1;-19;2858
0;12;-32;2785
4;8;-23;2781
5;11;-27;2808
154;8;-34;2801
225;-2;-39;2844
253;-6;-50;2846
304;-5;-48;2844
590;2;-64;2811
654;9;-41;2799
493;11;-37;2774
678;13;-39;2799
828;15;-38;2793
897;0;-49;2841
728;7;-58;2840
639;6;-62;2836
798;18;-52;2807
697;16;-36;2814
440;6;-52;2803
715;2;-48;2818
103;9;-39;2807
35;-8;-32;2833
610;-17;-29;2842
46;-26;-11;2853
14;-26;-8;2818
99;-17;-14;2802
299;-16;-11;2785
266;-18;15;2805
323;-23;5;2801
188;-25;9;2855
245;-41;14;2866
121;-36;20;2863
87;-25;18;2831
25;-15;3;2809
0;-11;-7;2792
0;-17;3;2822
17;-14;-11;2799
107;-27;-4;2849
61;-32;5;2863
27;-38;12;2864
48;-16;-2;2822
47;-11;-12;2783
170;-20;7;2769
168;-29;-4;2792
396;-24;-3;2787
332;-20;7;2832
196;-44;18;2829
204;-41;24;2836
165;-36;20;2813
241;-19;-3;2776
19;-8;-11;2769
0;2;15;2806
30;-1;13;2801
30;-12;10;2842
0;-24;17;2849
14;-24;10;2849
18;-16;1;2805
10;1;-14;2769
0;-7;-12;2751
51;-13;-13;2778
107;-21;-3;2774
121;-23;13;2800
422;-55;10;2814
512;-46;-1;2810
434;-37;-7;2789
217;-26;-10;2788
228;-28;-7;2781
283;-29;-5;2797
411;-38;-10;2786
187;-39;-15;2800
246;-48;-10;2807
369;-51;-13;2808
709;-32;-20;2790
330;-9;-32;2778
267;-4;-39;2754
366;0;-48;2780
436;-9;-36;2773
523;-23;-31;2803
74;-33;-24;2807
8;-28;-12;2784
28;-19;-20;2748
13;2;-36;2730
181;4;-39;2717
296;10;-52;2734
814;17;-60;2727
377;12;-73;2764
757;21;-90;2788
863;26;-96;2814
475;16;-82;2794
924;25;-46;2792
781;23;-38;2772
666;21;-30;2773
728;20;-38;2772
437;10;-40;2808
86;23;-47;2816
77;16;-45;2830
25;17;-27;2801
120;22;-3;2745
87;19;4;2745
42;11;8;2766
9;1;21;2738
0;-27;-5;2792
0;-15;-1;2801
0;10;14;2796
0;-3;29;2780
18;8;37;2769
44;-15;31;2768
323;-12;35;2784
508;-16;19;2778
371;-21;6;2792
13;-34;27;2795
109;-14;13;2781
0;-6;-18;2741
0;-6;-16;2756
69;-12;-12;2742
82;-15;-4;2762
125;-9;-11;2760
68;-8;-4;2808
40;20;3;2821
2;15;-15;2803
8;15;-29;2763
230;32;-25;2768
622;56;-2;2767
711;73;16;2780
843;53;13;2779
614;41;0;2809
544;64;-9;2815
684;65;-26;2821
747;52;-3;2793
486;29;3;2765
478;24;3;2741
192;18;-19;2754
187;16;-48;2761
755;17;-54;2806
766;25;-58;2822
792;13;-63;2826
824;10;-78;2780
656;8;-60;2775
542;9;-64;2757
365;9;-56;2771
215;4;-34;2763
145;-2;-24;2782
1;-11;-31;2779
0;-6;-27;2771
51;-2;-35;2750
143;4;-32;2750
169;1;-26;2736
166;4;-29;2752
202;-8;-21;2762
124;3;-34;2780
3;5;-9;2788
0;10;22;2790
135;-23;42;2778
245;-8;25;2779
340;1;22;2769
242;3;23;2791
284;-7;17;2779
153;-7;22;2818
137;-11;31;2842
99;-9;20;2837
13;-20;20;2789
63;-8;21;2730
18;-6;17;2730
129;-9;10;2740
8;-15;-13;2742
20;-12;-17;2801
1;9;-23;2813
105;12;-30;2809
261;16;-36;2759
509;13;-26;2721
710;16;-31;2715
729;18;-38;2734
818;12;-47;2734
777;14;-58;2774
743;27;-71;2793
756;32;-73;2802
691;49;-66;2781
498;39;-30;2754
713;40;-34;2752
572;39;-40;2765
728;40;-43;2762
668;29;-46;2798
727;44;-70;2800
610;40;-80;2818
711;34;-47;2772
106;24;-39;2759
183;26;-37;2755
120;24;-27;2745
550;28;-27;2735
399;21;-39;2763
407;43;-64;2777
356;30;-63;2772
148;24;-76;2725
266;18;-57;2707
232;11;-72;2695
373;15;-71;2706
451;19;-80;2696
481;21;-85;2723
467;20;-94;2746
366;10;-98;2759
219;11;-89;2717
185;29;-69;2714
54;35;-72;2703
78;33;-55;2711
110;39;-53;2706
207;40;-74;2720
270;45;-101;2744
288;47;-100;2748
224;53;-71;2732
0;52;-75;2725
0;54;-84;2716
0;54;-73;2724
743;69;-82;2722
855;60;-78;2744
829;82;-95;2763
510;79;-81;2797
395;79;-46;2772
461;44;-33;2792
159;30;-26;2788
209;22;-15;2804
536;27;-13;2789
114;10;-22;2862
189;21;-39;2883
335;17;-41;2867
747;25;-24;2813
422;20;-19;2748
304;20;-23;2748
656;17;-31;2765
768;19;-41;2766
719;12;-50;2819
780;11;-66;2834
485;9;-61;2838
470;11;-64;2787
736;13;-49;2757
688;11;-53;2751
657;10;-52;2763
907;8;-53;2773
849;-8;-47;2813
722;-16;-65;2825
499;-10;-56;2845
243;4;-54;2806
117;6;-25;2780
3;8;-25;2776
11;5;-26;2782
191;-15;-24;2794
36;-24;-9;2853
13;-25;1;2874
95;-16;15;2868
40;-7;10;2829
133;-6;-3;2777
129;-5;-9;2782
93;-3;-14;2784
74;-5;-23;2782
129;-19;-14;2838
78;-24;-7;2861
76;-15;-9;2856
2;-3;-18;2804
0;2;-26;2745
0;8;-29;2744
2;10;-27;2758
17;-3;-26;2768
57;-16;-19;2834
21;-23;-19;2850
1;-17;-11;2850
0;-10;3;2806
0;-4;-3;2774
0;3;9;2761
0;1;15;2763
0;-20;20;2762
2;-23;14;2825
6;-15;23;2839
51;-28;21;2835
35;-20;9;2781
275;-10;-11;2722
23;-4;-22;2745
697;6;-41;2774
518;16;-51;2781
708;13;-37;2848
660;12;-44;2858
247;3;-45;2852
390;3;-48;2793
202;6;-55;2757
400;6;-75;2758
341;8;-73;2766
116;4;-75;2764
5;6;-83;2817
55;2;-96;2822
128;1;-92;2829
146;6;-84;2777
346;10;-77;2754
199;7;-82;2749
654;7;-89;2768
452;12;-84;2777
317;8;-72;2825
957;15;-86;2829
980;14;-86;2835
952;17;-64;2801
675;14;-43;2755
592;17;-60;2748
331;15;-61;2752
433;15;-57;2754
565;15;-72;2791
240;22;-110;2791
67;32;-132;2799
148;45;-129;2764
361;41;-103;2761
123;59;-108;2755
573;73;-94;2771
719;49;26;2801
715;98;-18;2800
836;40;21;2787
525;25;21;2775
453;49;26;2801
775;22;3;2828
695;40;21;2787
859;25;21;2775
739;49;26;2801
548;22;3;2828
804;40;21;2787
748;25;21;2775
384;49;26;2801
148;22;3;2828
498;40;21;2787
198;25;21;2775
331;21;11;2769
84;22;3;2828
166;32;0;2843
79;-3;-17;2830
257;11;-33;2780
196;28;-20;2774
512;33;-13;2775
696;50;-10;2794
807;73;-6;2821
871;45;47;2879
831;51;71;2907
949;37;71;2910
513;36;43;2843
653;18;19;2794
733;22;16;2789
158;22;12;2806
504;32;11;2826
344;52;13;2876
536;75;16;2885
474;62;15;2863
668;72;19;2830
457;61;17;2827
802;72;15;2812
698;69;18;2836
606;82;23;2841
630;71;21;2870
901;88;21;2874
606;52;17;2859
723;64;3;2812
776;60;4;2806
858;73;5;2794
869;84;10;2813
915;81;13;2809
762;82;12;2843
744;84;11;2851
810;66;12;2847
743;64;12;2795
846;47;10;2780
841;46;12;2781
335;41;7;2802
312;46;3;2811
414;39;-3;2851
732;69;-9;2862
356;74;0;2852
725;60;5;2813
310;49;9;2816
450;54;6;2812
188;36;13;2817
409;33;11;2812
444;20;9;2859
154;36;-12;2885
126;32;-3;2871
27;21;6;2802
204;29;-6;2765
400;21;-26;2773
381;24;-41;2782
685;24;-37;2770
401;19;-38;2807
620;35;-61;2825
392;32;-50;2818
653;38;-49;2775
671;29;-28;2753
824;31;-31;2747
544;18;-22;2758
330;25;-30;2759
580;17;-32;2802
610;43;-54;2814
371;47;-45;2806
776;93;11;2806
433;85;11;2807
751;81;15;2788
814;75;17;2813
716;78;16;2801
741;70;12;2829
679;85;1;2839
793;81;-2;2835
850;84;8;2796
802;65;6;2795
826;74;10;2785
878;68;9;2796
808;71;12;2799
298;56;11;2805
534;81;8;2833
708;87;10;2842
774;88;16;2798
519;56;18;2790
390;49;17;2776
400;36;13;2794
471;35;13;2785
477;39;7;2831
608;61;-5;2842
568;73;-9;2834
106;41;23;2763
420;40;19;2757
403;36;22;2750
362;27;19;2755
176;20;13;2756
91;13;17;2797
32;25;12;2815
0;15;5;2804
0;14;-22;2765
0;6;-25;2774
0;4;-27;2766
0;5;-24;2777
0;6;-7;2774
6;9;-7;2791
0;18;15;2802
65;23;24;2811
105;26;21;2783
2;14;14;2776
1;16;15;2779
89;25;16;2787
41;23;15;2784
101;26;15;2821
398;48;17;2841
344;44;23;2836
82;20;16;2768
1;16;6;2753
54;10;-19;2762
768;12;-44;2789
685;7;-57;2770
728;20;-67;2789
717;33;-92;2790
927;28;-92;2800
787;19;-88;2767
768;64;-43;2776
510;67;-14;2777
690;62;9;2775
458;77;20;2761
657;68;20;2797
561;65;19;2819
1;49;34;2823
110;42;15;2772
184;32;12;2781
486;54;48;2782
842;33;61;2803
485;14;86;2817
850;-36;48;2871
715;-31;54;2894
453;-21;51;2884
393;1;42;2825
426;-4;27;2793
640;12;24;2798
400;19;24;2808
654;14;33;2805
829;15;39;2840
589;18;49;2875
314;17;38;2845
162;30;22;2776
42;18;14;2716
71;25;8;2719
127;27;-1;2746
396;25;-24;2769
718;22;-29;2817
654;42;-56;2814
800;105;-10;2849
536;107;61;2820
229;59;68;2819
724;37;64;2827
760;38;50;2820
777;39;38;2818
458;32;33;2845
251;69;11;2861
598;48;20;2838
574;40;16;2773
548;29;6;2738
711;23;5;2740
757;25;-2;2755
633;24;3;2767
789;41;-6;2823
831;64;-35;2832
820;57;-23;2840
622;97;23;2831
677;86;41;2839
510;86;40;2831
580;84;41;2847
708;89;46;2835
564;69;54;2859
764;73;31;2861
730;85;18;2857
504;60;19;2817
871;75;11;2829
833;89;17;2802
711;83;22;2810
869;70;12;2798
864;61;11;2830
659;73;-12;2842
737;80;-27;2844
765;93;-16;2795
434;95;-10;2797
521;84;30;2790
666;90;41;2788
688;65;27;2777
857;50;10;2807
769;69;-15;2821
698;70;-26;2817
687;76;-23;2759
645;68;-47;2772
670;45;33;2769
715;19;32;2758
264;21;11;2767
47;10;4;2791
8;-6;-3;2788
280;4;-26;2802
256;39;9;2796
702;61;28;2797
644;72;43;2781
806;60;51;2783
470;57;35;2785
362;45;15;2816
760;75;-10;2821
851;77;-24;2818
798;80;3;2772
790;70;21;2788
698;60;17;2762
646;49;14;2784
549;46;12;2762
456;29;6;2799
100;33;-7;2809
19;32;-18;2808
29;34;-2;2757
144;21;-1;2763
10;18;2;2722
0;13;0;2774
7;15;5;2755
0;-3;-3;2798
5;-2;-6;2805
0;3;-4;2800
0;8;7;2764
0;7;6;2782
0;1;4;2761
0;6;8;2780
13;-3;15;2769
0;-9;13;2796
0;-12;17;2803
0;-2;11;2793
0;5;3;2765
0;17;4;2746
3;17;3;2737
6;20;3;2742
9;13;8;2745
0;9;7;2773
16;9;8;2810
0;6;16;2787
208;2;20;2751
78;-7;18;2733
158;-13;12;2719
203;-11;15;2734
126;-14;15;2727
49;-23;6;2755
0;-17;9;2801
20;-11;10;2781
1;-2;7;2731
0;-4;-11;2728
0;16;-9;2711
0;15;-25;2725
46;13;-32;2723
128;9;-29;2756
118;12;-46;2783
230;23;-42;2781
244;22;-33;2730
283;22;-30;2712
260;21;-31;2731
239;16;-35;2735
187;17;-23;2711
430;14;-24;2738
122;16;-27;2766
0;13;-18;2769
0;11;-7;2724
0;16;1;2717
0;15;5;2716
0;15;2;2738
2;7;3;2729
0;-6;-8;2771
25;10;2;2756
0;3;9;2764
21;3;11;2752
57;-2;5;2759
76;-4;3;2748
108;-4;-4;2771
237;0;-4;2752
4;-4;7;2766
20;-13;7;2765
203;-17;10;2761
217;-1;9;2721
122;-1;9;2713
13;-4;3;2700
89;-5;4;2711
86;-7;1;2707
175;-10;5;2727
260;-21;3;2748
213;-16;4;2740
269;5;-6;2693
69;1;-13;2665
87;7;-12;2665
0;11;-25;2678
46;12;-37;2672
249;14;-45;2728
282;11;-59;2732
177;9;-60;2743
677;14;-71;2698
737;13;-58;2682
721;18;-63;2676
773;17;-54;2688
703;17;-68;2677
700;12;-71;2695
574;7;-75;2717
474;3;-73;2715
363;7;-62;2667
315;8;-62;2675
115;7;-67;2667
17;7;-67;2689
40;7;-65;2680
177;1;-72;2704
424;5;-68;2721
4;22;-64;2728
0;41;-17;2716
6;25;-11;2721
324;74;11;2722
644;67;25;2735
544;51;17;2717
475;26;-11;2737
278;53;-55;2743
624;45;-55;2752
294;53;-51;2716
382;40;-30;2706
271;34;-21;2697
380;33;-44;2714
697;37;-56;2714
442;43;-41;2751
542;80;-42;2764
307;66;-35;2770
90;52;-23;2728
283;41;-42;2742
212;41;-49;2732
378;40;-49;2744
449;49;-50;2735
59;27;-11;2755
102;55;18;2769
295;36;31;2785
292;36;22;2780
404;17;30;2786
373;5;29;2764
264;-6;14;2771
286;-11;0;2756
8;-12;-20;2780
0;-7;-18;2810
0;-3;-32;2797
370;4;-29;2779
176;6;-25;2766
0;9;-19;2762
6;9;-22;2785
157;4;-29;2774
3;-5;-27;2821
6;4;-21;2875
27;19;-6;2861
75;24;7;2800
195;24;8;2767
74;23;7;2770
49;20;12;2781
10;8;13;2799
21;6;1;2859
10;4;-14;2872
0;11;-11;2863
33;15;4;2791
93;21;3;2792
136;25;7;2777
273;23;5;2806
532;39;4;2800
618;47;8;2827
451;57;9;2843
565;64;7;2830
646;60;14;2786
738;54;16;2782
424;47;19;2764
449;39;20;2772
329;38;13;2780
262;33;6;2789
468;62;4;2822
314;51;9;2808
120;39;16;2777
481;29;4;2765
458;30;7;2755
620;26;6;2758
163;23;4;2750
31;20;4;2784
19;22;-7;2810
48;29;0;2806
23;21;5;2758
48;14;5;2760
48;16;6;2751
37;14;11;2764
53;13;13;2759
61;9;21;2789
63;1;23;2827
186;3;22;2807
82;2;15;2757
34;7;12;2754
2;-2;11;2768
0;1;11;2777
0;-1;15;2762
0;-9;13;2797
0;-10;-5;2821
0;-2;-16;2821
0;7;-22;2767
0;3;-30;2758
0;6;-26;2761
90;5;-31;2759
0;3;-34;2772
26;27;-6;2796
74;15;0;2868
40;20;10;2846
120;16;6;2776
0;10;7;2747
18;18;6;2754
0;16;2;2792
54;14;0;2798
342;6;-30;2825
519;4;-28;2862
773;9;-32;2860
301;15;-28;2788
790;13;-28;2758
808;9;-28;2764
618;12;-38;2756
399;15;-14;2775
30;17;-7;2799
0;10;-6;2837
2;7;-4;2824
204;10;3;2763
243;13;-23;2764
304;14;-28;2744
338;20;-32;2760
685;14;-22;2759
244;25;-13;2777
83;23;-3;2820
86;33;11;2801
158;29;16;2755
392;27;15;2745
335;25;17;2747
333;20;17;2758
329;16;16;2763
130;16;16;2796
1;15;18;2840
171;22;16;2830
113;26;18;2769
119;22;13;2777
17;29;13;2770
150;27;11;2780
234;28;9;2773
603;34;7;2800
429;51;6;2817
531;54;7;2816
433;54;7;2780
552;51;6;2777
670;67;10;2783
598;57;23;2787
471;39;17;2782
141;24;9;2790
136;31;11;2830
36;17;7;2818
0;25;9;2751
2;21;4;2738
130;24;4;2730
70;23;4;2758
36;23;4;2749
181;24;4;2791
24;15;-1;2839
33;20;-2;2830
342;17;5;2763
480;28;-7;2758
466;21;-16;2764
733;19;-23;2788
912;15;-30;2784
890;14;-31;2810
913;17;-54;2829
928;20;-50;2834
890;24;-16;2785
913;15;-11;2775
776;9;-18;2785
234;20;-14;2781
337;26;-6;2760
293;28;-13;2800
6;14;-20;2838
36;30;-21;2828
196;42;-2;2782
908;28;3;2763
994;35;5;2760
466;28;7;2752
703;27;9;2762
465;20;6;2786
211;15;5;2843
19;21;9;2829
93;19;6;2757
470;23;-19;2727
506;15;-30;2741
399;15;-29;2741
403;11;-29;2740
168;9;-33;2772
8;14;-32;2813
78;20;-41;2816
333;19;-38;2766
850;24;-33;2773
776;22;-35;2775
583;17;-28;2801
417;24;-15;2800
502;47;-2;2826
757;61;-5;2835
644;44;4;2832
542;46;5;2788
681;43;10;2809
711;37;11;2781
550;32;16;2791
125;22;13;2778
106;18;15;2809
87;24;17;2850
136;20;16;2837
24;23;9;2775
80;23;7;2768
380;27;9;2761
405;23;7;2765
288;30;8;2776
525;34;12;2806
177;55;22;2834
257;46;23;2816
158;39;23;2769
479;34;20;2760
571;37;23;2749
124;29;21;2741
298;25;15;2741
88;21;12;2750
115;22;12;2806
174;30;16;2806
182;29;16;2733
92;19;10;2714
25;19;14;2710
120;19;14;2711
120;20;14;2710
18;20;18;2728
70;3;14;2790
10;9;14;2796
63;11;8;2728
30;13;8;2695
0;16;9;2711
28;16;13;2737
28;11;19;2728
0;7;13;2749
0;-1;8;2797
2;4;11;2792
0;5;12;2734
0;7;4;2726
3;10;5;2728
32;9;5;2746
0;9;9;2743
0;9;16;2749
3;-1;6;2801
31;6;10;2783
0;9;3;2742
0;3;5;2722
0;9;4;2726
0;16;6;2723
0;10;6;2752
0;10;6;2764
0;-2;-7;2806
0;9;-9;2794
0;14;-5;2747
0;19;-14;2738
7;22;-23;2716
0;24;-20;2737
2;17;-27;2719
2;10;-28;2758
0;1;-23;2787
0;7;-27;2779
0;9;-27;2739
2;13;-28;2717
49;14;-25;2719
8;13;-27;2714
0;8;-24;2712
47;3;-25;2725
8;-15;-17;2762
21;-20;-12;2749
153;-11;-15;2725
237;-5;-12;2717
186;-3;-12;2692
148;-9;-7;2707
6;-19;-17;2711
53;-14;-30;2727
337;-15;-45;2733
759;15;-56;2739
332;22;-50;2734
707;23;-29;2723
795;18;-36;2728
671;20;-41;2732
656;16;-45;2727
685;14;-43;2752
403;14;-55;2761
750;11;-55;2769
897;18;-57;2734
766;16;-33;2710
190;12;-27;2711
0;15;-25;2712
145;7;-24;2708
0;6;-22;2724
51;-7;-27;2750
8;-2;-32;2743
5;5;-27;2703
17;6;-19;2700
46;13;-27;2687
101;15;-35;2706
384;14;-57;2697
876;7;-56;2721
892;12;-68;2739
882;10;-77;2757
779;12;-83;2724
739;12;-71;2732
702;21;-66;2722
811;23;-59;2737
1008;18;-58;2730
987;18;-60;2753
978;23;-76;2761
130;21;-80;2769
477;29;-72;2733
998;26;-53;2732
800;23;-48;2729
381;21;-39;2750
574;11;-35;2759
705;7;-28;2777
222;12;-14;2790
5;21;-2;2786
204;19;1;2747
183;23;4;2722
8;16;2;2734
0;17;-8;2749
14;14;-6;2746
34;24;-12;2777
1;10;3;2804
10;16;5;2799
0;6;2;2746
4;3;0;2734
0;8;1;2725
0;11;5;2744
0;2;8;2745
8;9;9;2756
19;-1;8;2791
31;-9;17;2783
91;-6;8;2753
209;-8;16;2739
138;-9;19;2731
361;-8;23;2724
416;-13;13;2746
307;-10;14;2741
222;-9;7;2804
15;-3;12;2794
52;2;7;2754
70;-2;7;2721
3;4;4;2736
11;-1;5;2743
4;9;-5;2746
76;2;-18;2777
106;6;-26;2809
0;13;-18;2802
174;14;-30;2753
447;9;-34;2735
623;12;-51;2755
800;8;-49;2770
896;0;-54;2782
905;-1;-46;2786
741;5;-39;2783
173;9;-26;2783
278;5;-16;2763
527;8;-25;2736
89;18;-1;2729
56;16;6;2713
27;15;8;2717
47;22;9;2741
3;14;12;2792
19;15;13;2783
0;17;9;2730
0;15;7;2699
0;18;6;2699
4;15;-26;2705
200;9;-30;2728
540;9;-37;2751
568;7;-55;2771
506;7;-72;2781
281;13;-67;2744
352;21;-59;2744
612;23;-53;2744
720;26;-39;2748
296;24;-40;2746
177;23;-11;2761
325;41;-21;2785
432;58;-5;2776
480;58;6;2755
546;46;3;2750
558;53;2;2750
574;61;-5;2766
844;97;4;2752
690;101;19;2769
573;98;8;2778
841;84;-8;2794
863;93;-2;2794
551;100;54;2822
364;68;78;2814
881;46;63;2807
635;52;43;2809
372;54;25;2817
421;68;16;2821
842;64;18;2792
392;64;20;2778
633;51;15;2775
405;38;10;2753
408;31;2;2762
464;27;-9;2764
552;19;-25;2789
842;43;-56;2802
777;39;-69;2814
0;46;-55;2767
838;44;-59;2774
831;44;-56;2755
930;37;-54;2784
362;45;68;2817
819;40;52;2827
791;61;60;2838
726;58;69;2850
741;46;56;2828
833;33;45;2828
880;38;32;2825
535;36;32;2826
169;39;27;2826
377;44;13;2849
472;60;7;2863
638;56;5;2871
704;49;8;2835
557;42;1;2820
810;66;-7;2828
433;67;17;2825
701;62;22;2812
780;64;27;2817
635;61;19;2809
584;53;18;2817
490;52;20;2776
349;33;13;2791
74;18;8;2757
14;18;8;2773
1;17;10;2773
7;14;12;2802
180;19;28;2823
409;34;38;2831
475;12;35;2800
590;15;27;2793
436;19;29;2782
541;17;26;2785
297;14;22;2782
344;10;24;2794
191;24;34;2837
235;17;36;2818
379;19;30;2774
297;18;14;2763
330;20;15;2747
170;17;15;2753
226;18;15;2757
173;16;15;2786
140;30;24;2831
154;27;19;2822
240;25;18;2761
60;17;14;2717
58;17;8;2718
0;22;-7;2749
0;21;-22;2746
23;2;-27;2781
230;-1;-39;2811
293;2;-46;2826
394;11;-50;2775
636;8;-35;2777
457;6;-30;2764
306;2;-33;2792
159;5;-19;2775
0;19;-1;2799
42;17;9;2801
64;27;15;2804
102;30;17;2789
327;24;23;2790
536;23;26;2767
738;21;28;2778
411;20;25;2774
85;16;21;2805
46;21;28;2839
73;28;26;2829
115;30;31;2787
225;29;26;2780
481;35;30;2771
549;28;26;2772
344;22;21;2774
303;19;14;2809
95;32;20;2835
45;20;13;2844
59;30;12;2795
8;25;15;2786
94;18;14;2784
206;14;16;2800
432;15;24;2808
475;22;31;2814
737;38;55;2830
706;41;60;2831
839;36;42;2822
779;63;79;2850
272;51;95;2833
269;38;95;2857
76;54;100;2847
130;47;96;2871
123;53;97;2855
150;39;100;2871
198;30;88;2842
722;36;75;2838
802;55;76;2830
845;45;57;2829
807;44;40;2819
640;52;32;2847
728;74;32;2853
782;97;38;2864
785;80;37;2824
413;63;29;2836
494;61;26;2824
762;45;27;2836
644;51;11;2827
894;57;4;2852
646;48;-10;2868
577;56;-34;2878
491;52;-25;2837
656;39;-21;2842
787;51;-43;2827
671;61;-32;2842
902;66;-15;2829
918;84;-10;2848
793;99;-17;2849
771;111;-2;2856
692;97;22;2824
855;71;11;2821
848;61;8;2804
816;48;8;2813
776;47;5;2798
605;39;5;2820
523;58;-1;2838
559;62;0;2850
444;52;4;2820
229;34;5;2816
319;41;5;2809
397;41;7;2820
291;35;12;2810
243;33;2;2841
368;46;3;2854
258;57;10;2848
150;43;17;2820
250;32;10;2803
420;50;23;2814
675;43;35;2812
737;40;35;2806
632;32;33;2827
384;48;32;2852
473;66;34;2857
364;50;33;2813
268;34;23;2799
352;47;35;2796
536;49;43;2797
496;57;40;2790
484;53;35;2811
580;71;28;2826
343;66;17;2829
164;45;16;2770
258;39;9;2776
305;33;10;2772
245;25;5;2794
377;40;-2;2819
879;39;39;2840
940;47;67;2831
785;40;80;2855
769;28;71;2835
701;15;68;2842
738;14;74;2828
877;-7;53;2838
658;10;45;2819
648;9;38;2849
433;2;50;2868
525;4;50;2872
378;12;39;2815
368;13;20;2769
287;17;18;2771
279;19;19;2768
145;17;16;2786
139;17;22;2824
38;5;18;2886
51;12;18;2877
2;16;13;2821
0;9;9;2752
0;5;1;2804
108;17;-6;2809
280;22;-15;2805
422;6;-28;2831
356;11;-32;2876
848;10;-45;2882
888;16;-45;2830
989;16;-34;2800
849;19;-40;2797
586;15;-49;2814
760;13;-56;2813
947;11;-49;2841
946;13;-67;2856
854;10;-63;2871
973;15;-54;2824
924;15;-33;2819
753;11;-24;2801
798;15;-30;2805
97;11;-28;2798
115;-1;-26;2835
0;0;-24;2872
31;-1;-18;2869
0;23;6;2839
4;18;1;2801
0;13;3;2794
0;18;2;2830
0;12;-1;2833
0;1;4;2864
0;4;-5;2897
4;9;0;2885
0;8;3;2847
1;9;-10;2813
0;13;-1;2808
0;12;2;2825
0;4;0;2833
0;-13;7;2866
0;-5;3;2889
0;1;8;2882
0;2;2;2844
0;4;7;2822
81;1;19;2810
36;-8;15;2828
51;-13;13;2832
105;-19;-1;2852
113;-35;17;2853
185;-36;24;2852
402;-39;19;2826
441;-40;12;2831
422;-34;12;2825
274;-29;16;2834
314;-28;17;2827
345;-34;7;2842
99;-42;20;2845
188;-25;35;2852
276;-23;25;2822
213;-5;19;2793
98;-1;17;2799
96;4;25;2799
86;-11;16;2807
45;-16;16;2826
18;-12;24;2869
3;-12;23;2866
0;-11;20;2827
0;-7;17;2796
32;-10;17;2795
0;-21;17;2800
13;-8;14;2819
18;-18;8;2844
19;-16;26;2853
25;-14;32;2855
4;-21;27;2826
217;-21;26;2828
300;-32;30;2826
0;-31;30;2830
90;-38;24;2820
595;-39;20;2823
492;-46;24;2815
308;-47;22;2823
302;-43;23;2809
329;-35;20;2809
260;-34;15;2802
317;-30;8;2805
313;-33;10;2805
196;-35;5;2817
265;-31;12;2816
145;-34;16;2821
190;-37;15;2807
218;-20;10;2794
93;-18;3;2799
19;-11;6;2798
0;-14;-6;2794
0;-10;-12;2817
predicciones
0;-11;-19;2860
0;-1;-16;2867
13;12;-35;2818
221;16;-28;2792
275;15;-39;2797
224;18;-36;2813
201;16;-45;2814
534;6;-42;2849
483;3;-52;2872
333;12;-39;2891
365;14;-31;2841
613;11;-27;2827
495;5;-35;2837
287;12;-21;2842
283;9;-20;2842
73;5;-24;2891
64;8;-28;2911
125;22;-8;2933
127;32;1;2884
380;25;6;2841
259;27;11;2844
136;19;11;2853
40;17;17;2852
143;5;10;2925
34;6;5;2950
63;12;-3;2946
6;20;-10;2894
176;10;-29;2845
136;24;-23;2854
213;26;-27;2859
176;12;-29;2871
166;-2;-31;2905
9;2;-22;2962
0;5;-16;2957
0;14;-1;2914
0;19;-12;2872
64;22;1;2844
28;17;6;2873
2;-16;13;2926
0;-8;12;2959
25;-9;16;2952
5;-8;11;2903
71;-8;-7;2865
244;-8;10;2856
136;-12;15;2852
40;-16;11;2863
319;-24;10;2897
13;-25;20;2922
143;-31;9;2915
219;-10;-6;2874
104;-14;-12;2851
211;-14;-2;2833
49;5;6;2851
0;11;6;2844
60;19;14;2865
185;26;46;2897
439;31;52;2896
485;23;39;2867
469;12;46;2874
563;-3;36;2866
654;9;44;2885
822;-15;44;2879
376;-4;36;2921
870;19;72;2922
565;29;82;2944
798;-7;62;2907
844;-13;47;2883
773;-8;46;2881
664;3;46;2877
475;7;37;2863
765;11;36;2896
798;31;52;2907
580;37;35;2905
167;33;24;2839
282;22;12;2786
249;40;12;2813
323;52;17;2840
668;86;28;2846
615;80;39;2877
795;79;67;2884
657;73;64;2896
781;27;62;2869
887;59;67;2874
814;41;41;2861
833;48;42;2869
607;49;70;2875
725;47;68;2884
704;52;87;2895
706;52;80;2889
853;51;63;2853
846;39;43;2845
554;38;35;2835
344;26;27;2850
172;28;21;2843
250;29;18;2871
450;45;19;2900
457;50;22;2892
314;42;16;2847
201;28;12;2832
165;29;9;2823
369;30;8;2841
331;27;6;2826
236;15;2;2857
76;43;27;2864
601;47;51;2859
857;46;59;2844
825;61;43;2850
818;64;49;2842
676;61;41;2845
643;64;36;2835
655;59;31;2860
688;53;34;2853
764;58;49;2854
829;60;43;2847
711;52;39;2849
515;47;44;2837
881;43;41;2856
831;48;55;2846
886;43;64;2860
660;51;83;2881
951;36;81;2883
974;9;60;2856
733;-6;45;2862
477;0;42;2848
529;-2;45;2860
768;-2;27;2852
680;14;31;2865
252;12;37;2892
518;9;58;2896
463;-17;45;2873
402;-4;39;2852
426;-5;36;2858
629;-5;36;2870
474;-23;31;2862
649;-22;30;2904
750;-19;59;2931
627;-25;58;2926
491;-29;52;2863
247;-7;21;2831
252;-8;21;2829
269;1;24;2861
419;-21;21;2855
181;-27;14;2886
206;-23;37;2912
141;-13;35;2908
87;-10;24;2867
5;7;22;2801
19;12;16;2820
68;1;24;2820
124;-16;20;2835
2;-22;13;2886
35;-23;18;2915
40;-11;18;2916
19;-2;20;2876
25;-3;19;2825
19;-6;19;2821
34;1;18;2824
125;-16;17;2828
34;-31;11;2870
17;-20;14;2908
10;-11;16;2902
3;-4;-1;2849
6;14;-13;2794
2;10;-22;2792
4;10;-36;2813
511;15;-48;2810
857;3;-56;2847
918;-1;-71;2864
955;-3;-72;2867
989;3;-75;2825
924;14;-50;2810
837;18;-46;2799
891;25;-36;2808
725;18;-38;2810
779;13;-53;2846
496;46;7;2863
466;60;18;2914
99;48;21;2873
131;20;17;2858
129;14;19;2854
367;17;16;2879
235;-2;9;2872
294;12;12;2914
94;3;37;2943
54;-3;32;2929
74;-3;21;2886
55;-6;13;2857
9;-16;12;2852
38;-25;13;2865
116;-19;15;2873
86;-27;7;2923
53;-8;20;2948
41;-5;25;2945
25;-2;21;2895
4;6;18;2852
0;12;17;2856
64;-18;17;2879
117;-17;16;2879
65;-15;15;2915
64;14;24;2956
46;12;23;2950
143;6;16;2888
61;8;10;2834
11;7;11;2843
6;7;13;2838
1;-8;-11;2850
0;-7;-13;2895
0;-1;-22;2900
0;2;-20;2899
0;11;-30;2873
0;21;-5;2864
66;23;0;2858
215;21;1;2879
97;25;5;2864
299;17;-15;2907
241;30;-8;2931
131;28;8;2923
154;25;12;2865
61;18;7;2785
0;20;7;2793
51;17;6;2801
2;1;-14;2829
99;-6;-22;2867
327;11;-42;2891
249;10;-37;2900
411;12;-33;2845
621;14;-19;2798
581;17;-29;2811
842;13;-29;2822
560;10;-28;2823
329;15;-16;2861
29;48;-23;2877
289;53;-24;2884
560;71;-12;2845
547;50;-3;2822
486;43;-2;2816
348;50;-2;2824
525;33;-4;2831
472;40;-2;2876
154;63;-11;2889
622;64;-17;2903
577;83;-15;2857
614;110;12;2863
457;69;63;2898
305;34;51;2912
586;48;53;2917
823;35;46;2954
873;50;56;2969
787;30;51;2954
169;21;32;2917
268;17;19;2838
310;15;20;2844
344;6;28;2851
205;9;12;2874
129;26;-10;2915
30;43;10;2941
226;55;17;2939
686;44;25;2890
356;34;15;2873
279;28;15;2870
379;21;17;2882
225;20;16;2882
536;29;17;2916
660;50;42;2926
948;47;45;2927
566;37;40;2893
446;21;19;2877
57;24;17;2871
241;19;15;2887
349;20;7;2872
355;31;4;2905
353;50;20;2949
187;44;23;2942
172;42;17;2895
157;23;5;2844
175;22;4;2853
256;19;8;2859
84;17;7;2866
34;16;9;2918
55;22;8;2921
139;17;6;2942
25;6;8;2900
2;6;0;2862
1;-3;-14;2862
0;-4;-19;2876
0;-10;0;2889
12;-22;-15;2933
0;-6;-13;2962
1;8;-7;2959
122;15;-15;2906
516;23;-31;2830
581;18;-27;2841
612;18;-30;2847
804;13;-35;2844
921;5;-39;2907
573;12;-64;2913
633;16;-61;2921
865;18;-62;2870
925;16;-35;2838
898;18;-32;2836
686;11;-27;2847
331;5;-27;2843
309;2;-24;2900
28;36;-39;2919
131;30;-33;2918
38;39;-19;2865
110;32;-5;2828
61;33;-8;2829
230;54;-10;2849
648;69;40;2845
788;43;26;2863
557;68;44;2901
490;64;40;2895
604;51;29;2866
490;24;23;2828
329;28;20;2828
249;20;22;2846
406;25;22;2860
422;32;32;2893
831;32;56;2923
616;26;51;2919
144;6;20;2889
275;11;16;2834
567;13;20;2832
480;13;20;2853
409;17;22;2860
492;23;26;2906
525;29;42;2917
540;27;32;2911
151;29;21;2861
73;18;13;2846
449;38;22;2858
407;27;60;2883
890;-17;80;2879
803;-3;40;2897
198;7;64;2938
354;13;81;2961
445;-19;51;2924
644;-7;28;2882
527;1;28;2881
655;8;31;2902
386;-11;24;2898
265;-7;28;2962
164;-3;38;2984
345;6;36;2980
69;10;21;2922
165;16;18;2837
129;8;24;2852
135;-3;24;2859
52;-17;4;2884
0;-22;-10;2934
11;2;5;2959
6;1;-3;2951
0;4;-13;2894
370;11;-22;2835
187;11;-16;2839
72;5;-26;2841
103;0;-26;2859
241;-7;-25;2923
137;6;-29;2940
56;7;-29;2935
243;8;-32;2891
274;14;-22;2842
346;9;-22;2837
498;2;-23;2857
273;1;-22;2860
333;-1;-27;2920
280;15;-38;2935
79;16;-35;2939
167;20;-17;2880
397;26;-14;2807
640;21;-18;2806
550;14;-19;2826
219;7;-22;2831
85;11;-35;2879
244;23;-47;2871
394;35;-56;2873
785;39;-58;2860
223;31;-28;2819
686;35;-35;2823
890;25;-37;2826
648;27;-44;2824
618;16;-47;2866
616;35;-56;2876
587;39;-54;2896
716;45;-39;2853
476;27;-12;2818
616;32;-22;2814
760;24;-25;2827
522;25;-34;2825
781;19;-41;2853
908;22;-56;2850
620;12;-47;2883
432;22;-24;2853
96;21;17;2854
16;25;24;2853
153;-3;11;2871
1;14;8;2867
85;18;15;2906
403;22;19;2902
96;30;13;2899
91;23;17;2885
0;3;6;2870
0;-6;19;2864
43;-7;9;2872
0;-1;10;2871
69;-19;0;2894
69;-18;10;2913
5;-15;11;2923
4;-1;3;2904
4;-13;6;2860
67;-14;14;2870
62;-20;1;2882
0;1;3;2892
1;-6;10;2921
135;-13;25;2943
267;0;30;2938
17;-4;18;2931
10;3;12;2896
94;13;22;2895
238;-16;20;2923
0;-21;19;2929
73;-7;16;2957
105;-9;3;2976
12;-7;13;2981
28;-13;11;2945
31;-8;16;2893
32;-11;10;2890
1;8;6;2932
167;-9;-15;2923
17;-35;-28;2972
54;-9;-7;3001
7;-6;-5;3008
0;-6;4;2967
0;3;2;2908
0;8;-13;2895
1;9;-13;2920
43;-2;-21;2936
60;-13;-19;2996
16;-12;-17;3008
29;-4;-11;3003
0;-4;-7;2958
0;1;-4;2881
0;10;1;2889
1;3;-12;2923
0;4;-9;2911
30;3;-9;2958
197;-3;-6;2962
21;-2;-6;2979
19;-8;-4;2941
32;2;13;2914
24;-20;-5;2895
14;12;3;2949
64;-20;17;2956
97;-25;9;2997
115;-27;10;3028
57;-24;11;3020
17;-9;7;2979
0;-5;8;2920
0;-13;1;2933
0;-10;9;2962
59;-21;9;2966
87;-25;1;3023
50;-20;-2;3040
0;-14;11;3026
0;-7;9;2985
0;-5;9;2906
0;-11;-3;2914
37;-2;-11;2931
329;-2;-17;2948
127;-22;-13;3027
63;-20;-6;3031
1;-16;1;3024
17;-11;2;2972
44;-5;-10;2903
67;-2;-17;2900
26;3;-15;2908
87;2;-20;2933
52;-15;-20;3018
28;-17;-9;3022
8;-14;-2;3014
0;-8;0;2964
0;-4;-3;2905
0;8;-14;2882
4;5;-14;2910
0;-2;-20;2928
70;-12;-27;3004
5;-1;-17;3025
126;5;-2;3011
8;6;5;2957
0;7;6;2891
0;-10;-2;2904
52;-9;-11;2922
63;-15;-3;2932
0;-16;-14;3010
5;-3;-12;3034
73;8;-5;3021
74;9;-1;2969
140;20;12;2878
55;4;14;2896
0;-2;17;2917
2;-13;15;2926
0;-21;-2;3003
35;-7;4;3013
48;-3;8;2986
1;-5;2;2925
0;9;1;2832
0;12;-16;2841
13;16;-25;2864
142;10;-36;2872
399;1;-41;2942
634;5;-42;2957
437;8;-37;2952
546;5;-38;2904
721;7;-29;2871
519;14;-30;2869
557;10;-31;2877
568;4;-40;2885
434;-3;-48;2962
323;9;-40;2988
25;11;-31;2981
75;14;-12;2931
171;8;-19;2863
418;11;-25;2874
529;8;-35;2889
392;5;-44;2892
429;-3;-48;2969
455;13;-44;2985
40;20;-24;2992
0;8;-10;2929
136;9;-1;2869
114;7;4;2864
24;5;-20;2894
131;1;-33;2895
503;0;-38;2963
437;11;-42;2967
146;11;-33;2961
194;13;-26;2899
386;13;-18;2841
672;8;-29;2852
601;11;-33;2870
697;10;-36;2868
918;6;-53;2924
880;14;-52;2942
592;13;-39;2940
792;14;-34;2896
682;10;-20;2858
771;8;-23;2855
814;5;-37;2882
711;3;-41;2876
625;-5;-44;2936
208;21;-37;2950
34;28;-27;2971
11;17;2;2933
114;14;7;2858
114;12;1;2854
196;10;-10;2866
303;3;-33;2873
266;1;-52;2932
531;7;-38;2955
606;5;-31;2948
251;4;-31;2902
327;8;-32;2871
300;3;-32;2869
42;2;-25;2904
6;-1;-36;2915
86;1;-36;2977
110;5;-4;3008
44;-2;8;3011
21;-5;10;2958
22;-2;6;2887
48;0;-15;2882
38;2;-16;2906
89;-3;-19;2927
4;-15;-21;3006
205;-6;1;3012
32;-3;9;3003
37;-4;11;2943
0;5;0;2866
0;8;-17;2859
0;8;-21;2882
0;-1;-26;2898
135;-15;-22;2985
18;-4;-10;2982
6;-1;0;2977
1;0;2;2914
0;12;-12;2838
0;7;-14;2836
0;3;-21;2863
98;-2;-36;2877
241;-11;-38;2957
32;-1;-18;2961
26;2;-6;2956
0;-1;-14;2899
0;6;-20;2836
0;8;-22;2842
0;2;-24;2863
7;1;-32;2874
17;5;-19;2943
30;23;0;2939
124;28;9;2930
70;28;10;2886
53;23;9;2830
174;21;9;2835
314;22;4;2863
307;30;11;2874
260;38;27;2924
527;28;53;2926
553;20;48;2931
406;21;36;2893
8;12;19;2832
177;21;12;2842
230;30;13;2853
388;35;9;2859
582;52;9;2904
534;38;15;2875
82;33;36;2874
251;40;45;2881
894;32;32;2870
830;40;40;2862
576;44;39;2882
804;29;24;2895
715;33;18;2943
556;53;25;2949
409;44;26;2942
353;38;26;2902
241;20;15;2853
59;6;16;2848
111;0;4;2852
0;-7;-13;2872
143;-3;-40;2922
264;13;-16;2956
308;22;11;2948
247;-4;15;2909
76;-3;7;2860
91;-6;-8;2852
163;1;-14;2869
104;-2;-34;2882
30;-21;-39;2941
18;-14;-12;2962
2;-10;-8;2949
0;-6;-13;2885
2;0;-10;2833
84;0;-13;2830
79;0;-14;2858
51;-4;-31;2862
239;-11;-36;2931
83;1;-23;2948
0;8;-19;2937
19;12;-16;2879
189;10;-15;2841
698;10;-33;2831
709;13;-39;2850
761;10;-49;2848
648;11;-60;2916
901;17;-61;2933
939;16;-46;2939
930;12;-41;2889
612;7;-26;2853
363;7;-28;2849
222;6;-32;2870
421;5;-36;2882
454;0;-47;2960
475;6;-37;2972
141;5;-30;2971
133;7;-29;2906
51;9;-27;2858
592;12;-38;2851
740;10;-38;2878
704;7;-50;2874
906;1;-54;2952
817;5;-49;2964
298;3;-39;2973
370;6;-43;2911
362;10;-39;2864
627;12;-43;2864
825;14;-44;2882
687;15;-49;2878
805;8;-58;2951
764;8;-59;2954
858;9;-58;2959
909;11;-56;2903
753;13;-48;2871
688;9;-54;2866
509;5;-62;2886
124;7;-62;2882
781;6;-72;2942
503;3;-69;2952
716;6;-62;2959
878;7;-63;2901
882;16;-50;2878
808;15;-53;2862
835;16;-52;2888
824;13;-54;2881
826;8;-55;2953
821;8;-52;2960
633;10;-46;2966
374;12;-44;2914
502;20;-39;2867
713;17;-45;2860
820;14;-51;2877
861;12;-52;2880
763;9;-53;2949
616;7;-51;2957
580;6;-49;2956
491;7;-50;2904
869;12;-49;2861
794;14;-47;2855
640;12;-51;2876
608;8;-54;2877
405;5;-59;2945
875;9;-54;2957
773;7;-45;2960
747;5;-46;2903
612;10;-40;2861
849;12;-44;2850
863;14;-43;2870
828;10;-54;2872
897;8;-60;2938
893;9;-57;2945
681;8;-59;2942
947;8;-71;2892
928;13;-56;2866
816;12;-60;2846
590;13;-52;2863
422;12;-56;2858
409;10;-66;2920
903;12;-63;2938
872;20;-51;2953
827;17;-43;2932
433;10;-32;2906
415;4;-18;2884
129;1;-25;2908
36;-5;-31;2921
317;-9;-41;2990
214;4;-29;3000
18;-1;-20;2998
4;4;-12;2938
35;11;-14;2884
223;7;-24;2878
277;4;-24;2900
121;-2;-41;2898
0;-9;-51;2961
641;2;-36;2997
47;2;-22;2996
8;0;-19;2943
123;7;-23;2893
229;6;-27;2892
303;7;-22;2913
112;1;-41;2924
240;-4;-47;3002
156;18;-18;3031
171;13;5;3016
40;0;-9;2958
6;7;-17;2901
2;9;-19;2899
2;6;-25;2922
0;4;-36;2932
17;-8;-42;3025
59;14;-6;3046
105;12;6;3030
49;-3;11;2985
59;1;8;2926
94;-3;13;2896
120;1;-11;2931
5;-6;-21;2936
0;-15;-26;3015
4;2;-15;3016
76;10;-4;3002
22;5;-2;2948
0;15;6;2882
0;10;2;2862
117;8;-11;2885
371;0;-34;2890
381;-9;-48;2956
114;6;-27;2969
37;11;-26;2965
196;6;-35;2914
381;9;-27;2872
292;14;-29;2866
456;11;-38;2877
751;10;-22;2908
434;10;-36;2959
310;12;4;3005
392;-3;27;3010
27;-4;11;2970
39;-3;-4;2911
3;8;-14;2902
183;8;-11;2945
261;6;-26;2964
31;-4;10;3040
102;2;29;3047
156;-11;29;3032
101;-13;15;2984
94;-8;4;2919
86;-7;-5;2924
206;-12;-14;2947
430;-8;-15;2947
321;-25;-25;3004
246;-10;-8;3020
58;1;7;3030
30;-6;4;2983
1;-3;-6;2917
17;-9;-16;2926
53;-20;-18;2964
185;-18;2;2980
136;-21;5;3029
38;-8;19;3039
46;-12;18;3022
8;-11;12;2977
0;-11;2;2918
0;-7;-11;2908
163;4;-21;2938
275;1;-31;2944
162;-19;-24;3004
0;-17;-14;3009
3;-12;-13;2997
5;-2;-23;2951
25;5;-28;2909
0;10;-33;2896
0;8;-31;2919
55;0;-38;2927
229;-11;-44;3000
14;0;-23;3010
103;5;-15;3003
1;6;-17;2962
10;11;-18;2909
70;4;-17;2909
120;-18;11;2959
65;-6;-15;2959
120;-15;2;3036
116;-7;20;3028
16;-7;21;3023
17;-1;18;2979
24;11;13;2919
85;2;10;2917
149;-19;6;2954
197;-24;9;2962
205;-9;12;3023
0;-1;25;3020
0;0;29;3005
0;-1;23;2961
0;2;20;2908
0;-15;19;2893
0;-16;0;2915
0;-5;14;2926
0;-20;17;2987
0;-7;36;2984
0;-5;31;2967
0;-14;23;2954
61;0;19;2911
155;-3;18;2897
515;12;3;2919
477;18;17;2928
407;-25;13;2980
256;-4;6;3012
12;7;5;3017
32;-9;14;2977
2;4;17;2929
13;5;12;2919
76;6;16;2940
117;-9;6;2932
14;4;-10;3008
0;1;-8;3006
0;-12;1;3010
11;-12;8;2974
0;-4;7;2925
0;0;12;2902
0;-3;-12;2931
0;-11;-17;2938
41;-14;-7;2992
39;-3;-7;2996
166;11;0;2997
0;-9;3;2967
0;-4;-4;2923
0;-1;4;2915
0;-9;-7;2926
33;-22;-7;2935
154;-17;-2;2980
52;-5;3;2979
100;8;7;3002
0;-7;6;2971
4;-5;1;2922
6;-3;-9;2902
23;-1;-12;2939
55;-1;-16;2945
6;-17;2;2996
28;-9;6;2995
15;-6;13;2998
5;-12;0;2952
0;-9;-3;2901
0;4;-9;2884
7;0;-12;2910
0;-3;-16;2905
18;-8;-12;2953
18;0;12;2966
3;-10;-13;3001
2;-13;-12;2950
0;10;-27;2905
4;4;-23;2895
11;8;-28;2921
0;-2;-19;2923
0;-1;-8;2982
0;14;14;2959
1;-12;-6;2987
0;-1;-17;2937
0;-6;-10;2906
2;13;-25;2885
12;8;-36;2916
1;4;-32;2920
0;0;-26;2965
32;-3;-40;2994
82;-1;-29;2998
0;-1;-22;2969
0;3;-26;2932
0;-3;-19;2927
19;-4;-24;2971
183;-12;-22;2977
85;-16;4;3052
170;-10;8;3055
15;-14;11;3039
0;-9;9;2986
19;-5;8;2924
109;4;3;2909
53;4;-11;2929
14;-2;-31;2934
2;-15;-44;3010
6;5;-25;3033
107;13;-3;3030
36;1;-5;2979
4;6;10;2920
43;-8;-3;2909
88;-7;-13;2935
94;-9;-15;2934
133;-13;-8;3003
84;4;7;3003
3;-3;9;2991
5;-8;-6;2941
0;3;-17;2889
0;12;-16;2876
0;12;-26;2892
95;0;-35;2904
329;-9;-40;2973
107;0;-29;2974
13;3;-20;2967
2;6;-20;2914
0;17;-17;2862
25;9;-18;2843
495;6;-31;2863
641;1;-45;2869
684;-3;-58;2933
575;9;-33;2955
75;10;-18;2955
19;5;-25;2898
40;8;-29;2864
221;10;-31;2851
398;9;-40;2873
479;3;-39;2867
693;6;-43;2915
651;18;-19;2915
200;4;-4;2960
14;1;-12;2921
0;12;-25;2879
41;7;-48;2867
277;2;-41;2898
56;-1;-35;2905
150;16;10;2996
609;26;44;3012
597;-2;41;3010
473;-18;21;2954
264;-13;6;2895
199;-10;-1;2882
57;-1;-19;2894
13;-2;-20;2917
16;-7;-15;3002
365;-1;7;3001
174;6;4;2985
82;9;0;2944
3;11;-20;2890
127;9;-21;2884
8;7;-16;2933
42;21;8;2948
133;17;16;3016
296;8;35;3022
314;2;34;3002
95;7;26;2976
25;12;13;2919
93;10;22;2924
0;-4;21;2950
0;-26;14;2948
32;-13;7;3010
49;3;21;3016
114;19;19;3009
18;8;17;2967
84;15;13;2909
123;14;15;2899
87;4;19;2931
49;-8;11;2933
32;-19;1;2985
515;-5;9;3003
51;2;10;2995
58;-8;11;2950
43;4;1;2887
68;0;-14;2868
179;6;-16;2892
7;-1;-27;2902
6;-12;-24;2947
14;-1;-8;2970
8;2;-3;2964
0;-3;-7;2931
0;9;-17;2881
3;8;-21;2865
0;5;-22;2895
0;-1;-21;2895
30;-1;-20;2929
3;7;8;2925
0;-3;4;2942
34;-11;9;2926
423;2;-13;2888
33;1;-15;2869
46;-2;-20;2893
120;-9;-26;2906
262;-14;-22;2952
222;-11;10;2950
8;-13;12;2962
21;-10;-8;2928
0;0;-18;2879
5;1;-18;2863
61;-1;-26;2887
136;1;-38;2888
20;-2;-32;2972
132;2;19;2999
145;0;27;2986
144;-6;16;2935
80;-8;1;2887
86;-7;-4;2864
234;-2;-13;2884
1;-8;-14;2889
1;-9;-22;2950
0;8;-4;2945
22;10;2;2939
0;7;-7;2893
0;3;-20;2867
0;3;-20;2863
8;-4;6;2879
114;17;7;2887
137;11;9;2926
385;8;15;2944
98;18;17;2934
21;1;18;2957
136;19;19;2928
248;13;23;2912
271;-2;29;2946
433;2;3;2937
250;6;-3;2968
75;45;12;3013
155;20;22;3013
35;-6;15;2956
30;-3;8;2896
0;-6;3;2869
0;5;-13;2888
0;-3;-26;2901
0;-17;-31;2966
5;1;-13;2982
107;3;-8;2980
23;-6;-12;2935
0;6;-24;2893
43;3;-22;2878
35;3;-19;2903
8;-3;-18;2915
0;-4;-20;2986
0;7;6;2874
1;0;18;2904
25;-17;14;2895
43;-10;8;2952
46;-6;21;2942
60;-3;28;2962
87;-13;21;2910
1;-4;-7;2880
2;0;-12;2853
19;5;-1;2877
0;-4;-10;2868
0;-5;0;2925
152;-12;-2;2921
169;-9;7;2931
15;-6;9;2893
5;0;-9;2869
0;2;6;2868
0;-9;5;2872
8;-17;1;2882
80;-2;4;2914
433;4;27;2932
57;-4;22;2981
2;15;16;2932
29;14;16;2883
32;8;17;2869
34;12;22;2904
492;5;-1;2891
423;-27;-6;2980
56;-11;26;2973
104;-24;25;2962
7;-13;14;2937
4;-11;19;2876
50;-15;16;2882
372;-28;18;2905
455;-32;9;2916
437;-51;0;2985
468;-45;15;2984
158;-43;11;2960
120;-36;10;2926
161;-25;10;2874
436;-26;12;2868
548;-29;7;2892
368;-33;8;2910
545;-48;3;2966
339;-43;13;2977
224;-31;19;2967
378;-25;18;2923
355;-23;23;2868
495;-22;17;2868
513;-21;21;2889
377;-39;19;2911
566;-54;12;2973
476;-47;24;2988
202;-36;26;2980
142;-23;18;2935
63;-16;13;2884
31;-18;14;2888
76;-22;13;2917
285;-34;18;2940
177;-23;11;3001
52;-17;16;2997
22;-21;15;2988
9;-10;13;2951
0;-1;9;2888
0;0;16;2875
0;-5;19;2897
7;-8;1;2918
0;-7;5;2968
3;4;20;2972
73;9;28;2950
96;16;40;2885
120;-1;26;2881
345;-13;10;2874
435;-15;25;2888
11;7;44;2897
321;11;36;2935
610;24;41;2974
803;9;50;2975
327;-3;33;2968
482;-1;29;2904
130;-9;26;2901
48;2;16;2929
146;7;26;2948
0;17;-6;3004
49;39;19;3039
371;11;23;3018
420;3;19;2974
106;-1;21;2888
69;-13;22;2889
65;-19;21;2916
32;8;8;2917
7;24;20;2978
110;26;5;3027
35;-5;16;3012
11;-1;12;2963
1;2;4;2886
1;6;-5;2884
0;5;-14;2890
0;1;-23;2913
0;-22;-19;2993
46;-14;-5;2997
26;-8;2;2986
6;-5;0;2932
1;3;-10;2857
0;8;-16;2840
0;11;-26;2874
265;4;-35;2888
508;-7;-37;2964
342;-6;-35;2967
194;1;-24;2973
41;7;-22;2922
0;15;-23;2857
1;16;-25;2848
122;15;-35;2862
201;8;-36;2875
116;-2;-30;2960
24;-1;-20;2952
51;-2;-17;2942
0;3;-21;2885
0;10;-28;2824
84;10;-39;2809
366;8;-50;2825
834;10;-55;2828
951;5;-63;2900
934;6;-61;2905
945;5;-52;2908
728;4;-59;2859
825;10;-50;2812
916;10;-45;2798
696;8;-50;2820
759;5;-55;2821
717;1;-70;2892
578;4;-72;2899
609;8;-67;2905
786;6;-61;2859
862;16;-61;2814
750;20;-53;2808
976;21;-43;2819
795;13;-45;2827
665;1;-46;2906
280;-2;-36;2908
152;-4;-25;2906
22;2;-26;2849
0;18;-30;2788
167;13;-36;2778
528;9;-48;2794
941;2;-61;2803
813;-3;-70;2858
902;-3;-73;2866
846;1;-68;2869
857;7;-71;2827
762;19;-61;2797
977;15;-56;2781
927;15;-55;2798
967;13;-60;2801
967;3;-63;2869
984;4;-60;2887
905;6;-48;2894
906;7;-56;2844
832;8;-53;2820
885;8;-62;2821
864;7;-51;2851
904;6;-53;2850
874;1;-58;2919
902;2;-45;2943
424;8;-37;2956
247;1;-34;2926
2;6;-28;2890
0;10;-16;2881
0;14;-24;2905
29;2;-32;2909
342;0;-39;2978
39;-1;-17;2978
0;-7;-10;2986
0;-5;-6;2957
0;1;-20;2900
0;7;-14;2880
0;10;-23;2904
10;-1;-23;2919
11;-20;-14;2988
6;-18;4;2992
5;-18;11;2979
45;-6;-7;2938
0;9;-13;2869
3;6;-19;2853
0;13;-21;2878
9;7;-27;2888
96;-11;-28;2960
99;-16;-26;2961
12;-12;-13;2953
1;-6;-13;2907
0;4;-21;2852
16;4;-30;2838
419;13;-43;2860
834;5;-35;2862
917;-8;-48;2940
591;-6;-39;2941
434;-1;-34;2938
524;-1;-22;2898
24;9;3;2810
0;8;1;2794
0;5;-12;2830
0;-4;-15;2836
13;-13;-18;2915
2;2;-17;2913
25;6;-14;2899
17;7;-5;2846
30;19;-12;2782
393;9;-16;2773
406;5;-33;2785
714;4;-45;2799
887;4;-51;2852
771;12;-39;2863
653;11;-32;2858
650;7;-34;2830
370;6;-32;2798
111;7;-25;2789
141;4;-22;2805
87;3;-38;2833
178;40;-14;2893
387;58;7;2904
332;48;6;2896
584;50;4;2854
559;51;4;2840
441;38;9;2851
382;30;19;2889
566;37;34;2905
826;29;43;2960
851;37;53;2967
819;21;45;2954
265;22;30;2915
250;21;18;2863
254;16;13;2837
9;19;8;2862
162;28;-6;2876
312;43;-6;2924
558;51;4;2937
323;47;7;2924
394;51;9;2897
472;32;16;2859
237;31;8;2854
108;27;10;2879
354;16;-3;2868
241;12;-15;2943
238;28;-9;2948
256;20;-2;2937
71;9;-8;2883
151;10;-14;2831
142;6;-19;2830
151;8;-23;2844
290;1;-30;2879
393;12;-31;2944
394;55;3;2975
270;35;6;2958
87;20;-10;2949
158;11;5;2899
59;24;-3;2904
194;12;14;2937
189;8;28;2950
287;27;18;2999
529;63;27;3014
745;16;35;3017
389;10;24;2973
224;20;19;2887
339;14;20;2888
107;-13;12;2912
198;-9;-8;2906
53;2;-15;2986
33;18;5;3000
81;9;13;2982
37;17;16;2945
102;17;16;2880
97;-11;24;2864
141;-26;12;2886
79;-19;3;2893
69;-2;7;2951
72;9;18;2975
94;-3;10;2976
12;2;5;2934
0;18;4;2867
39;18;14;2868
91;-8;20;2891
47;-16;16;2897
153;-4;14;2952
102;7;27;2966
55;13;30;2948
60;-5;27;2896
236;-11;21;2852
269;-2;12;2841
312;-3;-9;2840
68;-6;-16;2851
23;-15;-17;2897
1;-2;-15;2901
0;14;-12;2908
1;23;0;2890
37;15;13;2855
149;-4;14;2846
148;-7;8;2879
45;-14;10;2873
63;-6;-7;2925
9;16;10;2927
78;19;6;2934
9;20;4;2881
0;16;15;2849
0;0;21;2831
0;-7;3;2860
0;0;-4;2865
313;-17;10;2896
275;-10;20;2940
26;-15;28;2937
35;-12;19;2898
113;-14;13;2834
123;-9;8;2821
69;-3;-13;2839
4;-3;-17;2849
0;-10;-16;2920
5;8;-11;2926
14;3;0;2910
1;-6;-5;2869
0;-1;-8;2818
1;2;-14;2803
0;-1;-14;2821
0;-4;-13;2825
28;-16;-22;2901
20;11;-6;2908
49;-1;2;2888
2;-6;-3;2832
0;9;3;2785
0;2;-9;2764
1;-3;-17;2783
316;-4;-37;2791
480;5;-44;2859
232;42;-14;2882
187;33;-3;2872
140;30;-7;2834
129;27;-2;2797
157;32;0;2803
172;22;5;2832
53;23;7;2841
178;27;-4;2889
416;48;31;2923
861;36;41;2918
665;14;28;2857
142;3;16;2834
23;-1;7;2814
47;0;-3;2837
1;-1;-18;2836
1;-8;-19;2875
53;9;1;2904
13;9;13;2914
6;14;8;2866
68;14;9;2849
149;17;13;2828
58;17;4;2856
29;18;8;2849
42;9;20;2898
113;-26;23;2909
220;-30;24;2904
122;-21;20;2881
10;-5;8;2840
11;-3;16;2832
51;-20;18;2855
156;-17;16;2854
255;-30;16;2895
237;-30;23;2918
230;-25;19;2910
12;-14;14;2873
56;-7;11;2833
215;6;12;2822
410;-3;25;2844
552;-25;24;2850
444;-32;23;2875
575;-46;34;2906
644;-47;24;2884
645;-38;17;2872
346;-25;12;2827
240;-26;16;2827
138;-34;11;2853
322;-29;6;2871
382;-30;16;2936
199;-5;33;2954
265;4;36;2944
198;-1;22;2894
126;1;21;2819
90;-17;10;2822
81;-11;2;2828
41;-6;-10;2848
1;-3;-16;2921
12;22;3;2930
304;14;17;2915
74;-1;8;2865
15;3;14;2786
138;4;6;2764
29;11;-10;2789
5;4;-28;2801
62;-2;-32;2876
83;6;-32;2879
85;10;-34;2865
238;14;-42;2821
800;21;-44;2769
917;21;-46;2762
964;20;-46;2774
914;16;-52;2781
973;12;-58;2839
906;10;-65;2858
948;10;-63;2854
834;9;-75;2814
924;16;-59;2791
869;18;-59;2774
769;18;-61;2788
658;16;-64;2781
264;9;-74;2833
395;12;-75;2853
848;14;-70;2858
939;12;-75;2819
665;17;-61;2804
747;15;-62;2791
715;8;-60;2820
830;9;-56;2812
670;3;-60;2861
872;7;-60;2883
893;6;-54;2887
933;11;-50;2845
834;12;-43;2815
750;14;-43;2812
747;15;-41;2838
870;13;-39;2838
729;4;-45;2903
412;5;-43;2912
128;2;-36;2906
5;8;-29;2863
126;12;-29;2815
474;14;-34;2811
366;10;-32;2826
448;11;-42;2834
547;1;-43;2899
358;-3;-43;2907
47;-4;-35;2908
0;-2;-19;2880
0;0;-14;2818
36;4;-15;2816
120;-2;-14;2836
176;-2;-15;2845
118;-20;-9;2915
233;-30;4;2912
345;-29;7;2902
282;-15;10;2855
133;-14;7;2833
291;-12;4;2823
113;-10;7;2844
297;-26;8;2834
200;-26;8;2879
204;-27;14;2881
98;-26;-2;2859
167;-24;-7;2856
346;-12;-14;2824
651;-11;-16;2810
479;-12;-17;2833
575;-27;-7;2823
287;-22;-7;2856
230;-33;17;2850
142;-34;11;2851
167;-22;11;2813
233;-24;7;2822
319;-21;5;2810
244;-12;12;2825
92;-11;21;2820
479;6;25;2839
799;17;49;2871
764;20;52;2886
720;25;34;2852
317;19;25;2820
341;19;20;2800
296;12;18;2818
54;15;3;2821
101;6;2;2885
194;24;0;2891
262;17;6;2876
10;9;-1;2831
0;10;-6;2787
0;10;-18;2776
10;8;-26;2804
77;1;-25;2817
105;-4;-18;2873
70;15;-8;2886
92;20;7;2881
70;3;3;2841
56;11;0;2755
5;18;-9;2756
87;15;-19;2778
24;5;-26;2785
42;-1;-35;2843
101;7;-40;2857
390;12;-37;2847
740;13;-45;2802
920;17;-44;2782
938;18;-49;2771
949;16;-55;2780
934;12;-59;2776
885;12;-62;2801
986;10;-66;2820
926;5;-63;2829
997;13;-66;2794
484;4;-36;2809
80;3;-23;2800
138;2;-15;2815
136;3;-17;2814
0;12;-10;2867
69;16;16;2885
11;10;17;2879
17;5;7;2854
1;20;6;2800
5;20;8;2795
193;27;1;2823
377;31;-1;2834
267;33;0;2878
53;53;25;2896
353;52;30;2877
555;60;48;2860
706;33;51;2843
817;22;63;2840
802;21;45;2856
848;7;29;2863
451;18;33;2911
186;4;42;2933
260;-4;34;2911
30;-1;21;2870
6;-1;17;2783
33;-3;15;2772
19;4;6;2784
0;0;-12;2798
0;-9;-13;2890
44;-2;-26;2887
44;2;-28;2876
77;9;-31;2815
374;10;-29;2764
0;12;-34;2760
422;15;-37;2778
940;12;-43;2778
925;2;-52;2841
864;9;-51;2852
663;10;-40;2853
745;10;-41;2804
702;11;-27;2749
449;15;-21;2752
248;18;-17;2762
50;8;-25;2771
56;-1;-28;2845
17;7;-28;2842
65;9;-25;2825
270;11;-37;2768
623;16;-35;2719
888;11;-42;2719
908;10;-43;2734
895;2;-51;2740
950;2;-53;2787
961;13;-53;2808
772;17;-58;2806
602;13;-70;2766
415;15;-64;2772
545;13;-59;2764
375;8;-55;2791
427;-2;-29;2816
137;9;-12;2887
490;22;33;2910
265;19;27;2903
97;8;19;2862
115;13;12;2791
212;11;11;2794
138;12;10;2813
26;-3;12;2827
109;-1;8;2893
144;11;19;2890
83;10;20;2881
11;12;6;2844
22;14;4;2795
83;15;7;2784
57;13;2;2805
1;5;7;2800
102;10;-2;2854
127;10;-4;2851
20;4;-7;2851
0;7;-7;2820
0;11;4;2801
35;15;7;2784
63;19;10;2805
7;15;6;2797
251;18;2;2833
108;14;4;2838
37;9;6;2836
63;4;8;2808
34;-6;-7;2803
9;12;1;2785
56;0;-7;2801
30;2;-2;2804
107;-1;-8;2839
40;33;-1;2873
257;33;2;2873
96;34;0;2841
361;26;4;2793
249;29;1;2810
316;37;6;2836
629;37;11;2869
758;41;48;2929
781;12;53;2951
436;-10;38;2934
270;-8;28;2863
274;9;25;2817
255;-6;23;2817
177;-6;18;2831
44;-9;7;2835
4;-17;-2;2893
6;-7;4;2895
23;-13;6;2878
6;-5;-4;2839
0;1;-15;2795
0;0;-15;2774
0;4;-17;2802
1;14;-17;2817
61;17;-11;2885
215;35;-5;2892
388;25;0;2890
314;31;-5;2843
155;26;4;2791
287;29;3;2807
444;29;1;2829
136;30;-3;2834
221;15;-11;2885
153;28;1;2904
196;22;1;2896
153;30;-4;2855
81;25;0;2822
148;25;7;2824
67;21;9;2840
175;22;16;2855
516;22;21;2914
211;40;19;2930
354;34;18;2914
234;22;14;2863
354;25;9;2814
336;26;5;2821
344;25;8;2843
288;25;16;2859
514;25;31;2910
904;35;46;2925
339;12;31;2890
266;29;23;2860
185;28;19;2831
141;35;15;2829
148;36;17;2841
597;30;16;2833
277;31;7;2871
654;42;-2;2879
572;41;1;2861
299;37;8;2802
388;38;11;2788
467;31;12;2784
556;24;12;2807
561;40;9;2806
472;37;8;2851
568;58;3;2858
497;41;2;2847
599;57;-9;2801
912;56;2;2786
725;61;1;2789
766;39;8;2817
392;36;2;2825
140;35;4;2885
598;51;33;2906
360;42;34;2899
255;44;24;2861
645;29;26;2830
745;34;38;2848
667;34;40;2862
731;31;42;2872
820;20;46;2916
843;27;60;2929
895;25;56;2914
430;17;36;2868
366;20;23;2820
414;28;23;2818
541;25;26;2821
190;23;28;2837
240;24;21;2895
188;38;29;2905
276;35;26;2889
344;36;17;2832
251;38;17;2824
615;42;15;2806
703;46;8;2830
651;60;12;2826
813;58;9;2871
492;84;15;2873
465;97;31;2877
660;83;37;2827
738;47;30;2816
563;65;39;2811
530;69;58;2834
239;69;52;2820
585;47;50;2843
727;55;44;2847
862;52;38;2841
555;61;26;2812
582;46;26;2795
392;40;15;2777
712;42;8;2793
610;42;4;2791
756;38;-4;2820
573;64;-6;2830
692;52;-6;2834
599;58;-2;2792
474;39;5;2791
129;35;3;2771
377;26;4;2791
114;22;2;2784
98;21;-5;2824
127;30;6;2839
100;27;7;2832
81;27;10;2802
9;22;14;2787
72;24;19;2774
313;26;24;2795
376;21;24;2793
445;18;24;2842
469;26;39;2845
139;30;44;2839
216;36;39;2790
418;21;28;2786
726;11;28;2777
142;13;32;2799
350;7;26;2792
516;20;34;2829
738;35;52;2842
655;28;49;2848
632;26;36;2803
383;15;34;2802
363;-7;27;2790
215;2;30;2809
162;-20;21;2795
218;-29;20;2814
70;-24;28;2826
104;-7;32;2828
205;1;30;2802
367;0;29;2803
400;-21;28;2797
473;-20;24;2816
438;-23;17;2806
410;-30;24;2836
110;-26;37;2879
122;-15;42;2846
67;-7;23;2815
113;-9;22;2787
151;-13;18;2779
31;-21;2;2816
0;-8;-7;2811
14;-8;-6;2868
102;7;1;2894
10;6;2;2883
23;3;-5;2831
8;11;-9;2761
0;10;-12;2785
0;5;-20;2789
22;2;-18;2809
128;-2;-17;2884
141;8;-10;2903
1;9;-6;2895
27;13;2;2842
19;12;4;2756
1;11;4;2756
63;14;3;2776
152;4;-9;2815
107;-13;-9;2867
174;-5;-16;2887
254;-1;-14;2883
409;6;-9;2836
341;8;-15;2770
425;10;-19;2780
399;10;-18;2815
485;13;-23;2809
551;5;-25;2868
518;4;-34;2888
514;11;-33;2881
515;11;-29;2825
704;18;-26;2783
770;19;-26;2778
831;12;-34;2795
656;12;-35;2784
804;7;-46;2833
772;12;-62;2848
797;21;-60;2851
717;25;-61;2793
160;32;-45;2797
173;41;-53;2784
808;37;-54;2816
696;32;-45;2798
818;30;-42;2814
679;37;-56;2801
798;36;-68;2803
710;35;-57;2793
819;73;-42;2805
833;80;-29;2790
822;76;-12;2800
523;83;0;2791
870;65;5;2810
730;72;-11;2814
442;53;-21;2818
220;53;-11;2772
143;40;-5;2751
352;33;-7;2753
626;23;-21;2770
567;19;-34;2769
490;17;-37;2812
645;50;-12;2839
839;55;1;2857
356;45;9;2806
583;34;6;2798
480;31;3;2792
647;33;-3;2815
742;42;4;2819
233;40;10;2863
55;29;-8;2874
98;26;-19;2858
206;30;3;2806
313;28;4;2792
413;33;-12;2785
512;38;-18;2819
493;34;-16;2794
804;41;-12;2830
548;43;-27;2823
370;33;-10;2800
208;33;-3;2776
365;27;1;2733
467;27;-20;2731
588;29;-33;2746
635;29;-41;2744
427;26;-40;2775
488;39;-57;2786
304;45;-58;2771
235;39;-62;2740
231;31;-48;2745
302;35;-59;2732
296;27;-52;2737
50;35;-53;2724
68;31;-59;2736
0;24;-101;2732
21;22;-101;2728
120;23;-106;2701
231;29;-106;2718
670;43;-95;2724
678;42;30;2770
514;71;38;2766
756;82;60;2808
17;82;65;2810
402;93;67;2841
622;60;53;2799
468;74;43;2805
593;78;47;2780
708;71;47;2793
653;73;38;2784
0;64;30;2816
0;65;30;2814
339;63;35;2804
263;40;20;2758
613;40;19;2764
652;46;16;2745
702;41;19;2763
645;49;19;2744
802;48;18;2788
711;43;11;2775
405;39;6;2792
402;34;5;2739
300;33;4;2708
197;31;5;2699
92;23;3;2725
162;22;-8;2719
139;15;-23;2777
70;18;-23;2777
324;15;-24;2780
360;7;-19;2735
375;14;-16;2711
382;11;-27;2703
289;11;-31;2721
407;7;-36;2709
259;6;-37;2748
242;11;-43;2762
477;13;-41;2746
365;11;-35;2714
328;17;-36;2683
347;20;-32;2681
303;26;-27;2696
239;21;-38;2699
160;18;-47;2737
273;20;-52;2752
155;27;-50;2752
118;30;-63;2723
205;24;-67;2735
233;19;-72;2731
599;15;-70;2752
528;5;-58;2738
111;-3;-44;2736
138;-25;-26;2743
344;-49;0;2735
383;-59;5;2728
306;-53;8;2728
173;-41;14;2735
137;-4;20;2746
108;8;24;2742
292;20;22;2759
531;47;28;2766
253;41;43;2753
288;29;29;2733
213;28;21;2721
235;33;17;2715
416;30;13;2722
353;25;8;2719
326;22;-3;2766
97;25;-23;2779
277;21;-34;2781
567;22;-40;2726
595;20;-41;2733
465;20;-46;2717
360;20;-44;2731
448;17;-44;2719
331;7;-40;2751
74;3;-39;2765
9;8;-34;2765
24;10;-37;2726
13;11;-28;2721
65;13;-31;2708
176;8;-37;2725
183;8;-34;2721
111;-9;-28;2759
1;-9;-29;2766
0;-4;-22;2772
24;5;-29;2721
54;10;-25;2706
110;12;-27;2708
189;17;-37;2722
204;16;-41;2723
123;19;-41;2753
0;19;-41;2759
0;5;-22;2769
0;15;1;2740
0;19;9;2741
0;19;8;2719
0;19;6;2724
0;27;7;2728
5;31;2;2770
21;51;9;2777
4;52;13;2779
5;69;16;2746
39;52;12;2736
103;49;16;2733
172;48;15;2744
128;60;8;2748
245;67;7;2774
184;101;-3;2785
160;109;8;2784
519;103;56;2756
392;68;54;2749
409;77;29;2763
163;64;81;2805
249;55;72;2780
898;41;53;2816
758;64;35;2822
598;77;26;2816
572;84;24;2773
494;78;26;2776
427;79;30;2773
330;72;44;2785
883;64;54;2782
557;45;39;2830
700;71;33;2823
706;72;31;2821
428;71;25;2771
604;52;18;2770
770;65;18;2760
803;66;19;2786
785;53;9;2788
792;59;6;2824
767;76;13;2835
848;80;9;2838
749;85;19;2806
674;67;22;2811
628;69;24;2799
363;52;25;2800
628;52;20;2802
483;37;14;2831
423;27;10;2843
391;28;8;2822
704;31;10;2784
485;27;11;2739
93;20;13;2739
3;4;3;2738
55;2;-16;2750
0;-12;-17;2821
20;-6;-14;2838
0;0;-8;2838
25;18;-1;2777
23;14;3;2732
7;15;4;2744
0;12;4;2759
0;8;13;2765
4;-10;10;2839
24;2;-14;2866
117;7;-17;2856
481;22;-16;2793
589;21;-16;2757
664;20;-28;2768
360;18;-28;2764
608;17;-17;2753
592;5;-20;2802
404;4;-27;2817
171;4;-19;2811
279;16;-14;2743
147;11;-25;2726
118;7;-27;2723
315;12;-28;2751
227;7;-31;2743
148;-4;-26;2800
185;-2;-23;2819
229;-1;-17;2819
368;9;-16;2759
240;8;1;2725
82;7;3;2725
130;19;-8;2738
133;11;-17;2740
14;-3;-19;2798
0;3;-13;2827
43;7;-8;2816
240;14;-15;2750
273;16;-19;2716
394;12;-17;2721
165;14;-20;2736
91;8;-24;2738
112;0;-26;2798
155;5;-24;2824
322;8;-15;2818
225;15;-17;2757
442;23;-2;2710
581;14;-22;2732
370;23;-14;2739
333;22;-16;2743
52;10;-28;2801
94;17;-15;2833
200;10;-23;2815
76;22;-4;2766
99;23;2;2719
18;21;8;2728
0;13;3;2712
2;4;4;2730
0;-6;-2;2787
0;-3;-5;2816
0;1;-10;2809
12;16;-20;2751
380;13;-25;2728
611;16;-35;2734
344;18;-37;2742
745;19;-41;2739
623;17;-39;2793
375;11;-43;2798
544;10;-39;2802
589;16;-42;2747
586;14;-32;2725
403;15;-40;2719
465;13;-45;2726
743;14;-43;2720
852;10;-47;2760
452;9;-50;2773
723;8;-49;2772
835;13;-53;2725
872;14;-46;2724
853;16;-51;2707
877;13;-47;2722
848;16;-52;2710
476;17;-46;2745
545;16;-54;2757
327;14;-50;2763
520;18;-50;2731
681;15;-38;2733
646;15;-46;2722
757;12;-45;2735
459;11;-34;2732
309;1;-32;2777
68;-4;-32;2808
0;-3;-15;2803
0;6;-9;2766
0;5;-14;2734
1;11;3;2720
0;13;6;2734
12;13;5;2742
1;2;14;2796
43;9;1;2839
42;15;6;2814
76;20;8;2758
73;12;5;2734
0;12;4;2723
0;14;3;2736
